1.00001 0.00127636080634 0.027008284878 0.0457630546006 0.0361245138343 0.00147190045653 0.00608563127141 0.0164122468413 0.0334127707628 0.0359557098577 0.0363817984227 0.022342480226 0.029165911032 0.00379224490821 0.0159427024698 0.0241344475555 0.00691194573453 0.0165917636829 0.000262831353402 0.0177956663785 0.00321366812701 0.0167203279511 0.0338985454484 0.0299116801787 0.0156614166428 0.0134563332181 0.00111116851755 0.0133658997352 0.0111169984669 0.00470053325318 0.0342505829345 0.0212148364682 0.0412073119092 0.0206401918837 0.00883004626154 0.0218328045449 0.0321454023994 0.0313960182836 0.0237753317717 0.0166905108514 0.0134732484086 0.0452758635162 0.00702116747645 0.00589222214626 0.0160957669409 0.0286131662979 0.017135183466 0.0197167626709 0.0341398679693 0.0406347238638 0.0396816271535 0.00232396214593 0.0207214431897 0.0138758876704 0.0234712963678 0.0253533767409 0.014589340465 0.0225975929399 0.00800173052522 0.0182586499523 0.019539152198 0.0132905472317 0.00588244183773 0.00579459154845 0.0078596275697 0.00502611447956 0.00201293841298 0.00647940978824 0.00979010770375 0.000266531050117 0.022839624422 0.023613304097 0.0240753567159 0.000349799285523 0.0563913916928 0.0135256364267 0.00636846352394 0.0543153537432 0.0154360861857 0.0306765254415 0.0360918120071 0.0324235670212 0.000297215286441 0.0126615260149 0.0453228599677 0.0305423530923 0.0164202963242 0.0373661164775 0.0314893968517 0.0234384653455 0.0313465082959 0.0286503555175 0.0181646442406 0.00336777768077 0.0289189784048 0.0214136527729 0.0313934982206 0.0364519779383 0.017057976223 0.0266983680278 0.0323182331279 0.0422695824154 0.0249772937242 0.0267036616385 0.0245129132597 0.0406308696315 0.0440730225453 0.0258189836508 0.0323545442306 0.0121126531908 0.00499770654037 0.00198571897982 0.0235489510659 0.0189120765683 0.0428210633928 0.0136044987035 0.0230093600709 
0.00127636080634 1.00001 0.000457977160338 0.00191164347 0.00115880691936 0.000170118164871 0.000399750455874 0.000743625108345 0.000744819944986 0.000754656435654 0.000800945044877 0.000210890281621 0.00165349384149 0.00120399923381 0.00149836988849 0.00107773814646 0.00133715325648 0.000787278957841 0.000287924749825 0.00263319764656 0.00174634754433 0.000745750389108 0.00206646463818 0.000553750544844 0.00133133459634 0.000834109152288 0.000769270315556 0.00255859734911 0.00113758714018 0.00122284843165 0.000957346235116 0.00155931879396 0.00107365909681 0.000799204113731 0.00127022922557 0.000946221462704 0.00103193618767 0.00181897712097 0.000655767620502 0.00125574347566 0.00124901356403 0.00160748503997 0.00100991355187 0.000607299950826 0.00123742319142 0.00107403290795 0.00195685994047 0.00073129347555 0.00164778635767 0.00139440107596 0.00175911543647 0.00113167843873 0.00104147704571 0.00139790815093 0.00117413100617 0.0018251974116 0.00145387484881 0.00122397228694 0.00126431161155 0.000189163663491 0.0011679029899 0.00141544469063 0.00102156085212 0.0015869695184 0.00115795424937 0.000841140923622 0.000577452464879 0.000667727414658 0.00223976404922 0.00028906872205 0.000745139006203 0.000731007920762 0.00167258547507 0.000160045919348 0.00136551141685 0.00122957466483 0.00099857686961 0.00109441528231 0.00113943104416 0.00146149855951 0.000970317004431 0.000943514356985 0.000371428269652 0.000713769769471 0.00132906431349 0.000722077208316 0.000439951812574 0.000779616932449 0.00122621219913 0.00129730141901 0.00101412397706 0.00119413297006 0.00106846195668 0.000345469352288 0.00120025266416 0.00100423457572 0.00140768868562 0.00150399033025 0.00125225595617 0.00147373990043 0.00140921170193 0.00111491539237 0.00114623499243 0.0010690221885 0.00179342810238 0.00253604920529 0.00211346874227 0.00198110947103 0.00138669718097 0.00177106229973 0.000345284092266 0.000296287076226 0.000638243732385 0.00065914884301 0.00164243689739 0.000537886171884 0.000996473638447 
0.027008284878 0.000457977160338 1.00001 0.0223001265966 0.0242284129399 0.0012696742636 0.00523660478868 0.0148443043524 0.0235365951204 0.0235263571516 0.0210466346416 0.0260345717599 0.0190828915946 0.00187457797986 0.0124307973452 0.0202937509576 0.00517880622666 0.0139089040613 0.000113250746636 0.0078977633575 0.00235886899065 0.018709005024 0.0247181356936 0.0230732958871 0.0100739940212 0.0121537790406 0.000657249009095 0.00681805659252 0.00791757425557 0.00242709480644 0.0284165923182 0.019836815474 0.0444804036193 0.021077656179 0.00605403314811 0.0245364817578 0.0287890925752 0.0210704748311 0.0175236333065 0.0169100718745 0.0142940613568 0.029610636801 0.00449293254628 0.00444220911505 0.0123264831052 0.0264545458025 0.0120148838612 0.0196311745023 0.0268149404731 0.0350474012996 0.0229105259187 0.00171400773306 0.021869434319 0.00947463054315 0.0205363861389 0.0220384089156 0.00838965377419 0.0207160226975 0.00554029392218 0.0162070372598 0.018649592615 0.0110485928928 0.00395902511911 0.00457146649159 0.00692215729501 0.00302535794354 0.00140131896587 0.00453230978772 0.00473454525169 0.000204291823908 0.0136175422343 0.0167849673659 0.0171691818939 0.00031396334763 0.0330918556246 0.0127615528148 0.00588884787713 0.0393827889648 0.0126590529079 0.0207356072247 0.031351017848 0.0170906214812 0.00026776281836 0.0141800416546 0.0306103005123 0.0253825293017 0.0175978481202 0.0221849768327 0.0250031079575 0.0207354864166 0.0270093340573 0.0230707935425 0.0191411539014 0.00379843982738 0.0232183174736 0.0224977926287 0.0220400944433 0.0190832685253 0.0170078224881 0.0254173078381 0.0175244312424 0.0215643376802 0.0150567139438 0.0192047490068 0.0116416351641 0.019718573989 0.0277098871125 0.0195949972391 0.0194956563037 0.00504888887699 0.00555276513621 0.00183393772585 0.0210186392323 0.0174833640931 0.0163222305107 0.00837911157255 0.0161661254861 
0.0457630546006 0.00191164347 0.0223001265966 1.00001 0.0681913416917 0.00169158179503 0.00783181774736 0.0171188325448 0.0412023083409 0.0533400323868 0.0408324611747 0.0269652289057 0.0345441071297 0.00512100977873 0.0185796841005 0.0304333234029 0.00748175764424 0.0206704420426 0.000325124256937 0.0217340715051 0.00444525355327 0.0176419158914 0.044778548039 0.0312618454096 0.0185409164027 0.0164463233005 0.00168903852063 0.0223308358045 0.013220663373 0.00561008087398 0.0425090578937 0.0313990435544 0.051873417362 0.0236940805689 0.0129533203144 0.0340056389827 0.0527097752828 0.0432655133283 0.0275864938925 0.0282264773562 0.0248831182151 0.0790664414794 0.00932778077942 0.00617293484381 0.018983196836 0.0367711842432 0.0214819260586 0.0263846849503 0.0347255958667 0.0468973144573 0.0527467240305 0.00362806982708 0.0345496213076 0.0172220088556 0.0316436616068 0.0341567166041 0.0174985900235 0.0345341308174 0.0111699427678 0.0209034625098 0.030339084365 0.0218618495958 0.00983173583131 0.00996122637862 0.0113039350675 0.00719712352761 0.00264592481229 0.00704007877227 0.0144355723836 0.000490257644909 0.0229511239967 0.0247622140261 0.031367753505 0.000483753898614 0.0690106855119 0.0196319393218 0.0102430000263 0.0641313549567 0.0209052711151 0.0444075370748 0.0423048065028 0.0346358328222 0.000484806180294 0.0185904066208 0.0525421814326 0.0320348782218 0.0162284140428 0.0432274487121 0.0429488841103 0.035931567199 0.0517978734807 0.0432566755974 0.0360695949649 0.00720779140375 0.0451994680757 0.0325742705914 0.0496726489683 0.0486213705097 0.0338135955628 0.0494818088375 0.040704958615 0.059697210557 0.0325805530198 0.0386203546524 0.0430290968176 0.0819501956686 0.0516321360595 0.03421614571 0.0452357854838 0.0196658568032 0.00882051052569 0.00166611049764 0.0210577423621 0.0147640973863 0.0511800252717 0.0158631823141 0.03073099844 
0.0361245138343 0.00115880691936 0.0242284129399 0.0681913416917 1.00001 0.00222430499933 0.0139779023222 0.0259504951678 0.0432535077695 0.078491555509 0.0458378496052 0.0404770031785 0.0337446048653 0.00341034272899 0.0230036142088 0.0393430982921 0.00845038201036 0.0202388982504 0.000151775112946 0.0151506302271 0.00348109188526 0.0208780687187 0.0413540080637 0.0567918246072 0.00996915388694 0.0114598857889 0.000988544710728 0.0145237123376 0.00936832554798 0.00330417965957 0.0401311665124 0.0243339187913 0.06923171729 0.0295372471665 0.00921545042683 0.043628030189 0.0791826784075 0.0576526107127 0.0388096201597 0.0247084797643 0.0282743962695 0.0721130227857 0.00567332611052 0.00369120875937 0.0118017098898 0.0383540612137 0.0194727097092 0.023693736072 0.0386130678729 0.050122395609 0.0560207813678 0.00276992719228 0.0385288536127 0.0126784171522 0.025305465847 0.0360392180968 0.0115775201342 0.0489215729549 0.00717734221505 0.0369927407443 0.0412343852199 0.0244375207938 0.0136168035088 0.00904752636966 0.00894329340152 0.00435946911714 0.0019358998033 0.00434479051811 0.0105898590565 0.000278989234379 0.0176510534242 0.0234503914872 0.028572295513 0.000400344615613 0.0942766693827 0.0188982061969 0.00738356739873 0.103150676072 0.0192813512573 0.0390157825982 0.0558636906742 0.0403436479925 0.000406295550933 0.016813056777 0.0742542457892 0.0500683448575 0.0376682651751 0.054878987773 0.0530705764536 0.0440538775014 0.0655984600221 0.0706084213078 0.0476966567627 0.00822130021776 0.071202157883 0.0471143164858 0.073840263154 0.0578083142128 0.0505515155409 0.0643608008324 0.0353015103539 0.0705293801594 0.0338793066439 0.0522419887281 0.0329617279701 0.0713724973157 0.0610997032563 0.0316514778173 0.0543363908766 0.0164794418684 0.0172108354947 0.00241497774719 0.0328920060961 0.0219276769938 0.0566778674273 0.0146971291114 0.0294730713439 
0.00147190045653 0.000170118164871 0.0012696742636 0.00169158179503 0.00222430499933 1.00001 0.00238630864043 0.00293370931909 0.00290362361795 0.00328717076314 0.00182419238471 0.00171107412182 0.00316169823232 0.00142019847347 0.00280229187782 0.00459089518318 0.00167117705545 0.00265405680982 0.000261431804128 0.00171698351768 0.000653527619421 0.00257768500885 0.00281613475604 0.00261432272833 0.00100901710691 0.00103632499316 0.000340492465199 0.00111623681646 0.00129981467071 0.000648495094696 0.0030030522811 0.00183809514729 0.00215966289431 0.00260407799874 0.000894437217242 0.00272196005236 0.00187682934334 0.00166184091684 0.00317788986045 0.0022025798559 0.00290857282381 0.00204840765974 0.000818959593407 0.000781085900313 0.0015748367511 0.00256211709151 0.00147221330376 0.00180725010777 0.00244256889679 0.00228380069028 0.00234133064676 0.000689425260413 0.00203831162603 0.00166454643785 0.00131089233491 0.00270027258942 0.00069991389043 0.00312584067674 0.000958828467382 0.00161059262856 0.0035151155315 0.00228637368926 0.00175112762384 0.00110301493775 0.00117144925412 0.000662321545451 0.00044375471005 0.00073957749111 0.00123372693499 0.000174628073368 0.00120689205448 0.00105923926452 0.00258938543759 0.000246066340638 0.00234195388275 0.00197604170835 0.000988133476915 0.00288647396428 0.00147071191841 0.00197823664883 0.00287395421074 0.00256428726089 0.000155657051641 0.00160124965842 0.00314836664475 0.00260815741258 0.00263993218633 0.00194871511616 0.0025137383668 0.00255070402752 0.00334960507177 0.00212580488506 0.00178656736388 0.00112886271917 0.00300776573015 0.00287660450873 0.00291824989606 0.00309673906655 0.00215602708345 0.0028505697331 0.00232281499837 0.00308123912213 0.00269113664935 0.00257325688036 0.00160769499518 0.00172123871816 0.00210273446434 0.00175894486731 0.00398465505309 0.00130874082776 0.000780232742323 0.000316412715795 0.00179887070028 0.00290781029178 0.00190717260353 0.00168762083217 0.00233418797313 
0.00608563127141 0.000399750455874 0.00523660478868 0.00783181774736 0.0139779023222 0.00238630864043 1.00001 0.00890327717838 0.00888872333726 0.0146782289446 0.00756787210413 0.00668734833675 0.00896298209531 0.00166697324055 0.00908841312909 0.0144500383442 0.0036662156284 0.00565555221725 8.79525534613e-05 0.00415562394031 0.00130953737009 0.00822961760996 0.0109320845383 0.0132407233168 0.0019030702779 0.0022168975359 0.000385163432882 0.0040456541277 0.00276505088109 0.00114370941954 0.0104642192881 0.00579066838658 0.0101557300426 0.00695902071894 0.00150818443002 0.00996630343077 0.0108483325243 0.00886480870021 0.0106289772882 0.00528311106272 0.0087539852775 0.00728287975696 0.00120747263097 0.00104297557989 0.00240923960768 0.00945645980582 0.00519229755358 0.0041412914709 0.00995302194456 0.0107058589914 0.00842238791825 0.00126967038087 0.00749831151324 0.00333454912648 0.00390167583018 0.0107736226712 0.00159570669207 0.0127151938531 0.00157967793683 0.00890719092958 0.0100006769885 0.00689131909181 0.00751448164354 0.00294704573874 0.0028042203912 0.000924475368036 0.000677878852788 0.00115988670314 0.00308800454947 0.00020115847337 0.00275771102621 0.00329451732721 0.00795372691343 0.000259927754223 0.0161512421533 0.00545779054851 0.00216417113252 0.0175171632561 0.00415160324352 0.00770983019732 0.0122452151786 0.0105846243512 0.000248696729793 0.00365271515666 0.0154189456903 0.0105158626896 0.0150882102226 0.0115720031269 0.0102300409971 0.00827637335814 0.0108993859241 0.0112000614929 0.00940987789527 0.00220827700153 0.0143558859268 0.0101611484749 0.0145084981022 0.0121182410425 0.0107845072376 0.0121561118486 0.00726961012071 0.0126592123126 0.00850301088785 0.0100631549182 0.00489669388235 0.00872771048268 0.0114967748266 0.0066953299826 0.0131453438507 0.00397537705773 0.00410900068949 0.00177216599824 0.0101539012684 0.00753360532188 0.011008533551 0.00249962261077 0.00584996034308 
0.0164122468413 0.000743625108345 0.0148443043524 0.0171188325448 0.0259504951678 0.00293370931909 0.00890327717838 1.00001 0.0386962162151 0.0349205465576 0.0305185289934 0.0400268373855 0.0355994981633 0.00446554573323 0.0477178352406 0.0438566454651 0.0143004404014 0.0233024101439 0.000217037033734 0.0108963711997 0.0038700342042 0.0202777244099 0.0228401953905 0.0620885674033 0.00725543242332 0.00947592145989 0.00121420800544 0.0053472548264 0.00869348674178 0.00269398094657 0.0297101418387 0.0185533010841 0.0463249483659 0.0236206569615 0.00690593124003 0.0303541610383 0.0375909194365 0.0320320235533 0.0462509375064 0.0156523034866 0.0168890000057 0.0324965687183 0.00361759527857 0.00463408814543 0.0121319208871 0.037081027185 0.0153658863848 0.0200173811218 0.0310088820683 0.0422425379625 0.0310261971157 0.00390512651864 0.0334775017394 0.0137842290964 0.0153704226513 0.0253409289255 0.00718012284599 0.0328492912296 0.00634304059678 0.0636265129524 0.024189420083 0.0105135260813 0.00469239033363 0.00619624081709 0.00690517597246 0.00274665577306 0.00163886711147 0.00488800481505 0.00467350837728 0.000373358819883 0.0107858377331 0.0104358109065 0.0166917955501 0.000627554915614 0.0298933307166 0.0125392690893 0.00620644803827 0.0614899577061 0.0193120311642 0.0209590526779 0.0497211849979 0.0300883051111 0.000510755038984 0.0159802096676 0.0430983408754 0.0679920953353 0.0570803398191 0.0251166926133 0.025547717056 0.026812929507 0.0321050122604 0.0298385673856 0.0190885090606 0.00373027943061 0.0299026036706 0.0278323611897 0.0334572864503 0.0306158707282 0.0188187848402 0.0262998254957 0.0147999348493 0.037039100432 0.0299463399028 0.0402709132908 0.00996387058196 0.021170884445 0.0254187023771 0.0170634605146 0.0381010254629 0.00713983036957 0.0116747855843 0.00240785451622 0.0331852736195 0.0188338559208 0.0143829432192 0.00518235099459 0.0144500775845 
0.0334127707628 0.000744819944986 0.0235365951204 0.0412023083409 0.0432535077695 0.00290362361795 0.00888872333726 0.0386962162151 1.00001 0.0845084592971 0.0740541819053 0.0860258827462 0.0504325740052 0.00709717583419 0.0283018040594 0.0465535321936 0.00808736139666 0.0388555265336 0.000293525596474 0.0195179918508 0.00217004949614 0.021838089023 0.0354468325526 0.0764368049379 0.0153047867835 0.0146210884779 0.00109871103456 0.00965450355054 0.0116972573938 0.00398186276853 0.0516649871173 0.0288307880854 0.0504965482083 0.0275860578155 0.0102844838074 0.0286377713567 0.0450164103029 0.0322171275045 0.0659131167608 0.0209189098839 0.0242254823861 0.0645855019765 0.00590584296376 0.00576416757836 0.0192932487725 0.0464971121744 0.0169415353865 0.024575538062 0.0311461394649 0.0506429809986 0.0375623343182 0.00264827417781 0.0333104667976 0.0139982090742 0.0243924599403 0.0282942941448 0.0141609694193 0.0399197060653 0.00770230921605 0.0603986167907 0.0293307636839 0.0158470961481 0.00537968260447 0.00553318607265 0.00839340341277 0.00503208465327 0.00181152711981 0.00624340635063 0.00629650803964 0.00032155644175 0.0190599901774 0.0148712527775 0.0266809365155 0.000432683923136 0.047414211117 0.0166318195544 0.00862560066551 0.065510520937 0.0185311235548 0.0347509809741 0.0446290299249 0.0513239323821 0.00028823637371 0.0195057699979 0.0482151582706 0.0536331419403 0.035623556036 0.0537896003311 0.0348595302668 0.0321802000037 0.0526235237212 0.0313587913966 0.025302132156 0.00684236827232 0.0422066828951 0.0360937289003 0.0392139270792 0.0409563491031 0.0205845279757 0.0401663372461 0.0280224994492 0.0875767462775 0.0497901208712 0.0599738901249 0.0244528835585 0.0433211198169 0.0364807087927 0.0235220074686 0.0578560268274 0.0139631396477 0.00647315939561 0.00114623077516 0.0197720324126 0.0160663984233 0.0297284547929 0.0135626794346 0.0272497563995 
0.0359557098577 0.000754656435654 0.0235263571516 0.0533400323868 0.078491555509 0.00328717076314 0.0146782289446 0.0349205465576 0.0845084592971 1.00001 0.0946813910758 0.0870031332014 0.0605075617185 0.00685560496528 0.0272354805119 0.0743251094011 0.0085648394242 0.0329409411881 0.000178646331449 0.0171783772562 0.00216109391404 0.0214739264684 0.0436671804276 0.095652835934 0.00973142436487 0.0113375246551 0.00073619026499 0.010244295641 0.00749344916019 0.00259758637725 0.0504973375868 0.0224078758954 0.0616193363435 0.0299980996435 0.0100280250532 0.0330105047412 0.0572956093397 0.0390450765317 0.0827846040203 0.0196472400551 0.0307017551788 0.0677819477204 0.00420130237162 0.00323518829043 0.0148147513801 0.039331533804 0.0126199270634 0.0221150617571 0.034063816147 0.0488448604722 0.0449947771492 0.0016666743719 0.026621414088 0.0101544035307 0.0195775850527 0.0257538521212 0.0137241296292 0.0388410032872 0.0050311634739 0.0606872035755 0.0405167387607 0.0224461060243 0.0162935714177 0.0044210596839 0.00571349145545 0.00346725764676 0.00157044766113 0.0041112933348 0.00738337621355 0.000195329217977 0.0185170332995 0.0249822862526 0.0256400164024 0.0002583176869 0.0937008204791 0.0148348022205 0.00504315021108 0.103873916645 0.0120759161173 0.0308882380696 0.0616154877166 0.0611000854401 0.000211121815617 0.0127123817953 0.0869558074276 0.0646742467474 0.0597203741573 0.0972477656852 0.0435789431778 0.033796333197 0.071868057234 0.0471659235857 0.0292545734928 0.0112323000716 0.0604262213447 0.044505559111 0.0565013651003 0.0505446191388 0.0361864072251 0.0597460817565 0.0357647503023 0.104129914717 0.0482231353256 0.0622846230576 0.0288220078619 0.0562705693209 0.0461095046958 0.0231461541635 0.0712524194976 0.0163280862919 0.011475005714 0.00169569692405 0.0246460591674 0.0208038621077 0.0665077948011 0.0198339637548 0.0346104470883 
0.0363817984227 0.000800945044877 0.0210466346416 0.0408324611747 0.0458378496052 0.00182419238471 0.00756787210413 0.0305185289934 0.0740541819053 0.0946813910758 1.00001 0.0763159552666 0.0481632052469 0.00402148744625 0.0177277609741 0.0344573749338 0.00421796800491 0.0232614934525 0.000199787491888 0.0179955642045 0.00114569931285 0.0155503200616 0.0342338347181 0.0780872415716 0.00904355671886 0.00938506937935 0.00052743635943 0.00655891185254 0.00609243772133 0.0022717124874 0.0390578739308 0.015680240958 0.043882901064 0.0234396162596 0.00632834143643 0.0220594623746 0.0426957973777 0.0288530460705 0.0561656333352 0.0137893444529 0.0148484215342 0.0554290168859 0.00281370416387 0.00276449602163 0.0108983039604 0.0324136032734 0.00941169254017 0.0161156090285 0.0274220412366 0.041393883302 0.0401587326177 0.00122675342564 0.0234944540484 0.00900019182566 0.0153503569666 0.0187863741389 0.0177078003937 0.0285223964338 0.00473930216478 0.0596686074004 0.0229294462108 0.0117901452505 0.00662792558545 0.00325701330483 0.00486932758909 0.00220650680387 0.000756571809119 0.00382644548165 0.00563084011497 0.000128310714435 0.0188130589423 0.0159601410952 0.0201938144811 0.000174621701696 0.0655915076488 0.010332023305 0.00400392713738 0.0664262648826 0.0122125314141 0.027725812245 0.0402878858832 0.0564223645219 0.000116030431539 0.0124027648993 0.0489299403019 0.0562292339965 0.0335962304133 0.0872337709046 0.0360437379445 0.0248884758748 0.0459498845757 0.0343841091718 0.0194073551403 0.00420313263943 0.039309233161 0.0266089062894 0.0398637823128 0.03972281844 0.0169275003948 0.0359653486437 0.0222524654736 0.0976043715995 0.0492073464533 0.0475273392638 0.0190831888553 0.0432357484313 0.0272646973895 0.0159617681213 0.047910841816 0.0142477737282 0.00517008580757 0.000805194235408 0.0169051188568 0.0138695179874 0.0448759389498 0.0106929970151 0.020049067249 
0.022342480226 0.000210890281621 0.0260345717599 0.0269652289057 0.0404770031785 0.00171107412182 0.00668734833675 0.0400268373855 0.0860258827462 0.0870031332014 0.0763159552666 1.00001 0.0341436554032 0.00220309815273 0.0182780448252 0.0351806744984 0.00364455429533 0.0253519182609 6.25722995371e-05 0.00762960935587 0.000777395216889 0.0190984141454 0.0237493933781 0.0936838852152 0.00694364677052 0.00972208369316 0.00028205389936 0.00340727073308 0.00515771768727 0.00126242773192 0.044235643933 0.015719839448 0.0588537006819 0.0247587887419 0.00469105230265 0.0266748841805 0.0474217454372 0.0231743850855 0.0604175515829 0.0140290998076 0.0170603942715 0.0494542089573 0.00227138475401 0.00293428833383 0.0103960310973 0.0427585277144 0.00831785645634 0.0194932018548 0.0244352386153 0.0460895303853 0.0313959086914 0.000935759648128 0.0273394041205 0.00745948342263 0.0164390101328 0.019388464087 0.00970672608651 0.0327775702219 0.00349925820127 0.101667307246 0.0252038800534 0.00921508185619 0.00333627650639 0.00233740631569 0.0042568288681 0.0017997453023 0.000611438456812 0.00299461113626 0.00273949473906 8.68987984614e-05 0.0136397382529 0.0120939342902 0.0156321062494 0.000155208112395 0.0462061793191 0.0100621435731 0.00381257624343 0.0725741725562 0.0118909744747 0.0260398470422 0.0453421445227 0.0396267406479 8.59228038667e-05 0.0151104291358 0.0456545285403 0.065789248726 0.0483363752783 0.0532247639202 0.0328451827809 0.0238103627716 0.0503678368742 0.0304565191118 0.020484217564 0.00443270145156 0.0390380305104 0.0318033681738 0.0377791448679 0.03232342234 0.0163306839234 0.0320945093775 0.0153830919348 0.0743801198285 0.0358767995319 0.0541887040798 0.0114042564244 0.0282045807275 0.026647645524 0.0133201929113 0.0466859771608 0.00618811884686 0.00676723296559 0.00055273860013 0.0207232230478 0.0142558580558 0.0233992698064 0.00821522243062 0.016676501487 
0.029165911032 0.00165349384149 0.0190828915946 0.0345441071297 0.0337446048653 0.00316169823232 0.00896298209531 0.0355994981633 0.0504325740052 0.0605075617185 0.0481632052469 0.0341436554032 1.00001 0.0101176511141 0.0411991324331 0.0621622768335 0.0158509664343 0.035446446373 0.00063279064188 0.0229937131435 0.00503972724833 0.0191955320356 0.0444995076378 0.0521462223985 0.0157354686815 0.0141549521011 0.00225270605285 0.0114916433732 0.0105951438 0.00482587265912 0.0362147193231 0.0269209683293 0.0463461973672 0.0266210994691 0.0184457450904 0.0238938942815 0.0352708828505 0.0344384089062 0.0472573900941 0.0205095934316 0.0273761354179 0.0497756814159 0.00634274391189 0.00529605723225 0.0204565878932 0.0336919752622 0.016588911626 0.0203440694516 0.0372109575637 0.0432371882734 0.0464152135114 0.00372611343354 0.0240091478943 0.0149199738233 0.0202407801818 0.0254644947986 0.0141035957265 0.0276347057928 0.00873434634824 0.0313830665768 0.033318658697 0.0250522501859 0.0131902658724 0.00650293579399 0.00772946778865 0.00481166022757 0.00231094468833 0.00628532996461 0.00769017239864 0.000461525892614 0.0170408339969 0.0216660646102 0.0220826144516 0.000540097094077 0.0544885850617 0.0145929993048 0.0075453649455 0.0649595809481 0.0147464424487 0.0259229966859 0.0500627570277 0.0384283244572 0.000572999414179 0.0130655222223 0.067104008553 0.0521980049927 0.0318324781541 0.048241717373 0.0328468451903 0.0265305592215 0.0404891981631 0.0320078271349 0.0194055606 0.00761409054801 0.0342784833517 0.029340457 0.0362586476547 0.0356022476242 0.0248459962292 0.0354626032891 0.0249412411281 0.0518281159862 0.0386312599305 0.0391553050967 0.019279605323 0.0337156375035 0.0345001918755 0.0246684141717 0.0479311571074 0.0126306110732 0.00930385165008 0.00243258854597 0.0227826277506 0.0197315153681 0.0363849947204 0.0114310690354 0.0228164808321 
0.00379224490821 0.00120399923381 0.00187457797986 0.00512100977873 0.00341034272899 0.00142019847347 0.00166697324055 0.00446554573323 0.00709717583419 0.00685560496528 0.00402148744625 0.00220309815273 0.0101176511141 1.00001 0.00598486823804 0.00966565935814 0.00521575464884 0.00801201002305 0.000667357395638 0.00716610357444 0.00308287124842 0.00356200555655 0.00709801997044 0.00347327317421 0.00459379843907 0.00250844809008 0.00229394029439 0.00438985506766 0.00338098441455 0.00236394020435 0.00571031871083 0.00620079575633 0.00348071713126 0.0043207856064 0.00665910794515 0.0032403668638 0.00272348467875 0.0041901698689 0.00584907886653 0.00445950822639 0.00550146926603 0.00568248226471 0.00266120583826 0.00191770784703 0.00562218550004 0.00441926814496 0.00408664974409 0.00356542933615 0.00499451382902 0.0047222316629 0.00547596130098 0.00261507256261 0.0033725276303 0.00577693018193 0.00378530573827 0.00409607547932 0.002159797827 0.00402151402499 0.0034923311767 0.00133891210292 0.00485491988571 0.00451280195355 0.00269213654108 0.00210027877355 0.00227914806858 0.00273583581732 0.00147574098998 0.00247367431551 0.00345445610308 0.000679058158218 0.00335568607283 0.00278855883095 0.00551696490573 0.000327159796264 0.00404507059245 0.0038186406444 0.00274930341874 0.00422087235147 0.00258006854739 0.0035710399589 0.00464352835508 0.00565466208039 0.000621232317746 0.00229620844841 0.00629668447897 0.00367133926957 0.00254686135966 0.00375719743294 0.00467669884248 0.00502604327543 0.00578024473209 0.00248168453678 0.0022461376983 0.00310212580536 0.00440929244706 0.00435630696667 0.00368329287609 0.00520051640491 0.0030106905279 0.00501720238349 0.00675246747122 0.00615341364147 0.0063849604488 0.00555258037291 0.00701417739404 0.00545872711492 0.00468082484353 0.00446953882491 0.00739939364503 0.00495911135306 0.000718098324417 0.000393302973286 0.00157592862603 0.00290175877977 0.00533762498525 0.00411357262058 0.00706666703742 
0.0159427024698 0.00149836988849 0.0124307973452 0.0185796841005 0.0230036142088 0.00280229187782 0.00908841312909 0.0477178352406 0.0283018040594 0.0272354805119 0.0177277609741 0.0182780448252 0.0411991324331 0.00598486823804 1.00001 0.0463299525126 0.0222347723554 0.0201509588428 0.000413185634015 0.0140909079551 0.00737550402286 0.0147434634359 0.0234352570478 0.0385819616164 0.00854763252005 0.010481719831 0.00215942432212 0.00959263888735 0.0104483891797 0.00412122598291 0.0213254580483 0.0210501444335 0.0383076605358 0.0173370925074 0.0104804004641 0.0226164253124 0.0331045553891 0.0338947746907 0.0312119126039 0.0140651869859 0.0171592473764 0.0325836467154 0.00453190995734 0.00448337980952 0.0130408813 0.0287529103255 0.0194087516413 0.0140055945268 0.0296825135826 0.0369334220534 0.0288964664708 0.00577478972036 0.0252580655876 0.0120145947623 0.0173878673266 0.0277652722972 0.00635729225294 0.0262943877428 0.00723805981545 0.0310056901305 0.023951265764 0.0138798236924 0.00684539977176 0.00821434220167 0.008138838703 0.00341278063393 0.00271056779692 0.0048754626648 0.00587765467151 0.000613298400631 0.00845937931371 0.0103616438387 0.0149703487805 0.000867352424648 0.0287512588907 0.0135268964644 0.00726787781101 0.0518645202841 0.0183346380798 0.0202279337221 0.0385908209908 0.0232481416722 0.00102617208446 0.0128276227235 0.0408313668967 0.0459571453725 0.0403660303713 0.018968023894 0.01908840493 0.0216296690267 0.0213775301295 0.0286241418136 0.0201917686027 0.00335503132022 0.0235616077424 0.0230401461743 0.0287668152974 0.0248689050691 0.020343975843 0.0223161619852 0.0143633472677 0.0267161552659 0.02162346974 0.0297092251847 0.0105019801173 0.0247117445175 0.0257836256661 0.0197485196373 0.0300795767377 0.00695951877218 0.0146886765022 0.00484969520245 0.0318102659111 0.0144560337284 0.0139889115375 0.00437926676283 0.0114598316571 
0.0241344475555 0.00107773814646 0.0202937509576 0.0304333234029 0.0393430982921 0.00459089518318 0.0144500383442 0.0438566454651 0.0465535321936 0.0743251094011 0.0344573749338 0.0351806744984 0.0621622768335 0.00966565935814 0.0463299525126 1.00001 0.0205936624402 0.0417314477275 0.000319848157709 0.0163598634535 0.00575176625888 0.0281796367408 0.0401026286622 0.0556671617299 0.0131805599704 0.0137733805244 0.00185848209695 0.0130149621472 0.0130161618649 0.00400768259496 0.0430618605084 0.0310385695958 0.0604665255877 0.0332612105148 0.0161146212866 0.0340338640043 0.0405287502716 0.0386725937506 0.0674882215728 0.0269852910086 0.0430281136292 0.0400644653769 0.0062302736351 0.00501486476977 0.0200560548295 0.0414244829877 0.019568118662 0.0262089077481 0.0365097504913 0.0463086017869 0.0347204242856 0.00336230631969 0.0308761695554 0.0139861070064 0.0195974090484 0.0305595843661 0.0105989431206 0.0357639481601 0.00742387587433 0.0397247209421 0.0447812729185 0.0304392978984 0.0204724786179 0.0076807854892 0.00727922912963 0.00581629602402 0.00402306758657 0.00497113128042 0.00844018272919 0.000462402075057 0.014681462031 0.0241314848391 0.0234644493215 0.000648554165286 0.0512606660422 0.0176258075767 0.00827723945206 0.0851612907575 0.0149364408866 0.0204356944816 0.067133308028 0.0324391922513 0.000777170937088 0.0132977415278 0.081009986888 0.0533607726842 0.0575853290302 0.0392977218206 0.0350542592337 0.0345076301994 0.0569828628478 0.0348300165573 0.0225191446336 0.0147770859495 0.0458358767856 0.0460095714996 0.0415784377584 0.0372836416609 0.0394351445331 0.0483417064706 0.0331807581718 0.0459267266122 0.034765616124 0.0414783385895 0.0206822746101 0.0319940807512 0.0443961490481 0.0281920234495 0.0491342301668 0.0127057406821 0.0163805311721 0.00446133870114 0.0353160017677 0.0293972553382 0.036235980008 0.0152798259638 0.0281657530841 
0.00691194573453 0.00133715325648 0.00517880622666 0.00748175764424 0.00845038201036 0.00167117705545 0.0036662156284 0.0143004404014 0.00808736139666 0.0085648394242 0.00421796800491 0.00364455429533 0.0158509664343 0.00521575464884 0.0222347723554 0.0205936624402 1.00001 0.00875848169871 0.000488536032546 0.00939869612451 0.0102812980835 0.00624905383233 0.0114630686377 0.00836527472557 0.00608045069515 0.00683145611735 0.00260882757207 0.00896329245924 0.00801539078156 0.00481123734004 0.00729082616822 0.0112151396726 0.012850621713 0.00844762799945 0.00758485336045 0.00911596473911 0.00987767092716 0.0149910217713 0.0077671203097 0.00825953090322 0.00739986763054 0.0103121373852 0.00495670384713 0.0038247885014 0.00889777966421 0.0088317253406 0.0110247392954 0.00734064059725 0.0115733398658 0.0113184271986 0.00990158950043 0.00507907290174 0.00824358426986 0.0083776206209 0.00982850138892 0.0132003281618 0.0029845688537 0.00907735194731 0.00532460098219 0.00376139484683 0.00862692059424 0.00648497564186 0.00388495145414 0.00667709951205 0.00517818249444 0.00409529342184 0.00340556050673 0.0036143718639 0.00539712674479 0.000825328857467 0.00451572451953 0.00807935101702 0.00897362816515 0.000954874084743 0.00928959495047 0.00731139512529 0.0049022019819 0.0130206610179 0.00707094114132 0.00768185714136 0.0119725635957 0.00732772400088 0.0015855836289 0.00583943045935 0.0130081228227 0.0120505784201 0.0107494055074 0.00548588485086 0.00800073044092 0.00880347761329 0.00775036967636 0.00856799354976 0.00724011796216 0.00226344973757 0.00973874932863 0.00815290855863 0.00881678289858 0.00867034584781 0.0108138080667 0.00876516130627 0.00922915237192 0.00729842103404 0.00794813354922 0.0103261541177 0.0068009711967 0.00987792159353 0.0134029752491 0.0129255758065 0.0122404422313 0.00526103209863 0.00733329517538 0.0034387734408 0.00849616004947 0.00725138540479 0.00733558389638 0.00360916203504 0.00691417946915 
0.0165917636829 0.000787278957841 0.0139089040613 0.0206704420426 0.0202388982504 0.00265405680982 0.00565555221725 0.0233024101439 0.0388555265336 0.0329409411881 0.0232614934525 0.0253519182609 0.035446446373 0.00801201002305 0.0201509588428 0.0417314477275 0.00875848169871 1.00001 0.000395624056129 0.0152999585666 0.00339918921411 0.0180240671386 0.0282976984093 0.0289251512147 0.0120901520335 0.0101193335598 0.00167288096272 0.00758370005392 0.00977245437576 0.00340900296171 0.0346021896576 0.0235440507142 0.0298188332479 0.0225610897185 0.0119847243177 0.0180347034225 0.0216058366777 0.0210131768436 0.0366877048775 0.017284354482 0.0214805757382 0.0298307831432 0.00550284668061 0.00516546044137 0.0169525446148 0.0277459878769 0.0123927935485 0.0176926669065 0.0234651161474 0.0324063395368 0.0243832568256 0.00315139815741 0.0218461782774 0.0131835146283 0.0155316858543 0.0183769441462 0.00764383319812 0.0215292263361 0.00695828531554 0.0186859772423 0.0204673428818 0.0143559611942 0.00569179205838 0.00486997417748 0.00638076201548 0.00505224375486 0.0023188119664 0.00511901759067 0.0055773777252 0.000493044959712 0.0124037793994 0.0121343460862 0.016464987899 0.000524987549883 0.0222367374627 0.0119125617842 0.0084329296222 0.0349644628056 0.0115365063366 0.0157235814357 0.0292738482736 0.0216632057142 0.000493930955537 0.0109892038787 0.0305653786263 0.0274260564938 0.0184228908798 0.0193053621664 0.0236005985427 0.0222919986083 0.036208082707 0.0151604449812 0.0125446023141 0.00793212994999 0.0232957507784 0.0252711537769 0.0191612736466 0.0207632277018 0.0150322816516 0.0271247694588 0.0199998331694 0.031863432081 0.0274402483188 0.0261262231527 0.0156896597352 0.0196088724563 0.0246837718823 0.0164875524098 0.0333211387144 0.00925550181478 0.00447693839426 0.00115181831305 0.011406872605 0.0148015811958 0.0182457851137 0.0111899240425 0.0204601274603 
0.000262831353402 0.000287924749825 0.000113250746636 0.000325124256937 0.000151775112946 0.000261431804128 8.79525534613e-05 0.000217037033734 0.000293525596474 0.000178646331449 0.000199787491888 6.25722995371e-05 0.00063279064188 0.000667357395638 0.000413185634015 0.000319848157709 0.000488536032546 0.000395624056129 1.00001 0.0011239157427 0.000363429358081 0.000151876565056 0.000403574343267 0.00014444312575 0.000448256157804 0.000260973174524 0.000349735836322 0.000498727308343 0.000376322221963 0.000569347496205 0.000201380154912 0.000384488097179 0.000129623242348 0.000203407523337 0.000428081820089 0.000150857804046 0.000132361854704 0.000257257333783 0.000218415047291 0.000271474914219 0.000203623545401 0.000295039122422 0.000405070760142 0.000295929223272 0.000491570361655 0.000183608415997 0.000356286383189 0.000226323296041 0.000248028753116 0.000229278765626 0.000336987386305 0.00030634132005 0.000173258202041 0.000435670720201 0.000311147150429 0.000306783911748 0.000210419319333 0.000171147823287 0.000323603746057 4.11533653794e-05 0.000204659287317 0.000271196573831 0.000139404605814 0.000327903313625 0.000289129814387 0.000259178826832 0.000170981812666 0.000278849382463 0.000380679804746 0.000144337550842 0.000232352477881 0.000153273956486 0.000360992394564 0.000148503511118 0.000182779678287 0.000306481919075 0.000301002730705 0.000131076439994 0.00022025978743 0.000289424450543 0.000160389378183 0.000333332592135 0.0001121958333 0.000213439811931 0.000212867140283 0.000171550557679 7.79301410789e-05 0.000201091082648 0.000192956622412 0.000262203833713 0.000176141932446 0.00013291454611 0.000143339109006 9.24893813604e-05 0.000147852512321 0.000157847404044 0.000169193537912 0.000232719186639 0.000163769177686 0.000225872193681 0.00034810138799 0.00027330554138 0.000427747203518 0.000248010048742 0.000418851785041 0.000319095955885 0.000188278496634 0.000329849680777 0.000382806139082 0.000469121230058 5.63929908156e-05 6.07769601221e-05 8.27831591134e-05 0.000186857863735 0.000214798514526 0.000258486804218 0.000295511889977 
0.0177956663785 0.00263319764656 0.0078977633575 0.0217340715051 0.0151506302271 0.00171698351768 0.00415562394031 0.0108963711997 0.0195179918508 0.0171783772562 0.0179955642045 0.00762960935587 0.0229937131435 0.00716610357444 0.0140909079551 0.0163598634535 0.00939869612451 0.0152999585666 0.0011239157427 1.00001 0.00396259494559 0.00761325404148 0.0211180302314 0.0152621595814 0.00993344923426 0.00685576080227 0.0021455102609 0.0121828862456 0.00816100027239 0.00566353229217 0.0141268517656 0.0143457220148 0.0142700270165 0.0105009831648 0.00838746705305 0.00942204555288 0.0127003485245 0.0164948010219 0.0120924695919 0.010169706453 0.00872545672993 0.0212918377432 0.00620701932145 0.00414110982334 0.0111318588168 0.0129760125333 0.0110721556203 0.008801934467 0.0154426185659 0.0166399824297 0.0186932903817 0.00350345210797 0.0105653318466 0.0110050690002 0.0131666903922 0.0139892463001 0.00730152595397 0.0118755775387 0.00674319407661 0.00601300124288 0.0101784327319 0.0082260990415 0.00444801584357 0.00585024696785 0.00630919539196 0.00434020777637 0.00205660123113 0.00484022013737 0.00754244752216 0.000617047737192 0.00917732447747 0.009899516897 0.014251322616 0.000563145652522 0.0174823939269 0.00865729658255 0.0060572962208 0.0166801836668 0.00865836027177 0.0154800116841 0.0120344629557 0.0201443051659 0.000627959816204 0.00776588114736 0.0165602098421 0.0134505646758 0.00798952996478 0.0181953160465 0.0136194895909 0.0127468990274 0.0145934924173 0.0102504406106 0.00881778826519 0.00282883130021 0.0145897204321 0.00970055265585 0.0122526553168 0.01426419476 0.00859561723769 0.0145806328972 0.0153386162324 0.0241716500176 0.019936006653 0.0202110174247 0.0146676139046 0.0223556239425 0.0184905486574 0.0142219865531 0.0237265207576 0.0137284679394 0.0029734368288 0.0013052180766 0.00596746893927 0.00781794438253 0.0184684283811 0.00692500519181 0.0119350602505 
