19213.3054087 -750.452815159 2621.53829494 2353.80596342 1059.70551766 -2514.05805093 -906.099049765 -1124.13161693 1155.85668583 1218.28128036 2894.45900517 1184.05121388 456.070481244 -1584.93745338 -1215.37430897 -1013.90483944 -1879.2472616 -565.268962607 -1411.05308182 1406.00158218 -2477.1877454 -617.072080294 666.786809278 890.526582614 728.251771999 236.919037461 -2819.30964284 63.5582070866 -416.679897953 -51.6517666626 715.914762925 -792.672098277 659.584780088 -81.3032561829 -1174.25796792 -1023.38667406 33.2300639272 -8.04240989567 193.845176534 -1346.51931842 -2594.79336984 1304.23404734 -418.921408224 -372.495653761 -205.82423834 -153.466049394 -613.940749724 -3.43563463404 906.452135536 518.301892942 1320.37033998 -3312.54598968 -1344.15965886 -284.651179005 526.53564944 -676.782633062 1890.24679071 -1266.16633023 -867.689349301 1025.83605172 -1532.78847522 -1577.12589511 -1905.54131761 -2380.62334154 -1322.04733857 -942.18135455 -2519.49162489 232.498153502 20.9965915705 -4881.81941618 2272.48465093 2204.83340926 270.790916891 -4302.13184913 2596.62425946 -1151.11363055 -2057.15565384 1296.22138628 -649.048204773 900.615730979 296.124438448 2101.20790594 -5288.76631931 -962.862839551 871.421762074 786.17446396 -405.912750743 3105.09762335 493.581282523 -999.54095789 -429.355109924 316.866446599 -626.368988845 -3289.61319637 -303.686730813 -1184.40274934 80.398336212 902.598192601 -1927.79916341 -1093.11954403 1625.95507249 2048.15309652 719.745828893 229.310259511 1131.42509176 1483.88644918 1104.07499566 73.1015372135 369.699294927 771.723078399 -2153.88634657 -771.83872366 1111.09101066 507.400379127 3339.46470594 1466.53187675 571.937474405 
-750.452815159 46001.8689485 -4478.11178619 -154.612567763 -2785.86714941 -177.678669557 -1244.48977088 -3265.72714893 -4533.70472476 -4771.64728896 -2852.86169931 -8976.85958472 -528.814274565 6044.29756081 325.446112898 -3208.03916179 3271.19889463 -2472.28465327 12456.3672573 5230.28923268 7854.53078222 -2837.24696769 50.6248216127 -5751.08848075 1762.93779423 -329.59287846 8716.12551373 5175.76464552 1540.12523918 6579.75696735 -3827.31454776 -480.460050338 -4229.42378731 -3004.45108903 2491.35637397 -3373.39854473 -3813.78441488 -881.765425779 -4439.59020848 -924.780059301 -1128.75201433 -2022.09738814 3237.40694432 1585.43377555 323.368359007 -3216.43979174 1908.67947167 -3147.50908742 -883.402826023 -2982.96250437 -892.978168331 6461.06027824 -2948.35068221 1601.46052494 -1096.06862622 -464.116837298 3723.15294538 -2489.39909075 3267.49033403 -8697.61553723 -2264.99536482 587.422915227 2694.86046616 4515.1945587 2459.81121793 3464.04270898 4568.72212358 2196.53203121 6023.00474002 8933.50413729 -1512.00699365 -1843.34413233 303.075587515 5005.08126898 -2648.89575566 216.442607139 2030.74791917 -4877.40627531 -326.496331632 -957.978354795 -4440.99755135 -2241.39035794 9254.67313152 -2013.99031863 -3417.6376924 -4611.32283282 -5221.586495 -2912.41579441 -2380.09689482 -2112.27742211 -4238.41494146 -2217.88138042 -1442.63491314 -1412.85156008 -2859.33801546 -3136.83951086 -2082.63132847 -1674.47371719 -1629.02966317 -2215.00317401 -676.828584394 -2777.87696744 -1335.20519563 -2511.80860403 1424.4338282 990.040911058 -711.8091125 606.752970359 -2019.8093107 4528.46737747 -2258.37089108 2963.9801408 -3612.04531997 -2955.14302028 400.13331473 -1381.88538278 -1779.20609928 
2621.53829494 -4478.11178619 22149.5905615 226.374890758 529.939990664 -1790.33600068 -190.576521039 -158.368878733 871.462437178 564.85629347 1624.96017573 3417.18893157 -197.735109362 -3653.20978286 -992.239148442 -412.790401187 -1856.9127074 20.4059855494 -4420.72158523 -1191.25712509 -2560.85772539 1413.2872297 555.206909665 1060.30795465 -11.5922881737 1195.61451315 -4008.1475462 -1837.55677187 -647.308998949 -1898.40894147 1250.10566945 339.500714901 2509.98171344 1491.75608855 -1595.89332261 1028.74549637 949.826992127 -534.722149086 135.746519086 187.007516981 -830.747332517 648.590078697 -1186.91289737 -319.535453458 -72.6635866762 922.339065905 -921.980883382 1442.94421789 1166.6613224 1246.64074966 41.1310426945 -3374.29493 393.714149257 -725.858350148 1326.47366027 90.4374999584 589.394906852 -232.904559073 -1240.37856344 1897.66481933 -297.747799368 -1033.49718392 -2421.40769202 -2100.24867522 -489.826258551 -2018.7241877 -2873.16462495 -89.669286165 -2148.7567488 -4803.11901281 1153.45325603 1965.48114121 47.7339536964 -3391.22917007 1398.99580637 26.0578686831 -981.142879604 1156.62458555 -173.293833907 409.749890019 1059.96100554 366.18800139 -4361.58478346 1072.04049608 376.65910284 1328.71797369 1408.72609255 1965.57932057 808.058066539 -144.336281672 293.929386951 701.594877952 1103.73204542 -1218.09597658 66.248385083 530.794898844 -220.822950192 -866.426976633 -474.387852834 129.068165943 32.6130997428 150.025422611 -344.147057617 48.5058708663 -1125.74964981 -664.11195415 251.254562742 161.45007017 -695.991817618 -2141.32986354 -158.157243486 296.630737835 2010.61960679 1582.57236671 -16.7996933802 509.087107108 274.244412219 
2353.80596342 -154.612567763 226.374890758 16339.2737408 2800.07026056 -3251.08576849 -1079.95948752 -2350.26482448 766.904325173 1753.71490251 2034.63688706 687.711229195 -134.496472382 -1516.55694411 -1886.60710374 -1291.00175469 -2919.62858133 -902.698089791 -1746.8471738 969.126040358 -2287.76186888 -1785.66944284 621.914851596 -325.670474053 135.63124285 -196.16041946 -2147.0783979 1194.3542146 -986.451068893 -602.493783693 359.250590928 -268.539883817 373.772268865 -828.081648867 -693.510131102 -244.018767535 1069.47868274 158.752680618 -499.491313429 -155.209714028 -962.689216253 2655.26252749 -433.835967495 -1576.41902161 -817.377820795 -335.856427886 -919.975485046 16.7624668541 -445.48299771 -201.862367111 1306.7335691 -2514.66473975 -224.071742038 -640.788862596 583.868285491 -623.053408266 1362.94685508 -581.893399423 -635.087653779 265.546264725 -768.810316928 -524.215642848 -770.920459976 -1105.14895133 -940.064299433 -581.020188335 -2583.41353886 -788.952533437 527.240732311 -3183.47020137 859.829309006 1005.45874665 157.21624079 -4077.48328793 2169.49477532 -724.124342692 -1115.01633383 689.978759198 -568.749606765 1313.66146406 -346.514470799 994.306804317 -4212.40906452 -478.229790871 173.581351978 -412.21053678 -1901.73706694 2396.82008835 608.788155025 -299.626182246 645.490066661 940.368664077 1367.84805947 -914.154635993 492.856606204 -523.148106208 938.237004021 906.262930687 57.8633743529 555.740486077 1342.84986091 2337.57045308 611.93940112 637.766177217 2508.6698083 3555.40909119 458.707332752 44.4991643089 608.79366578 1759.46049203 -746.056211828 -3091.15752342 -885.24101342 -2168.37022613 2794.2356571 798.041309123 582.321723024 
1059.70551766 -2785.86714941 529.939990664 2800.07026056 16116.7101183 -1986.3491342 1707.98385147 -380.494563577 898.600336752 3574.25310931 2501.65271275 2607.9774414 -362.894718753 -3665.44257469 -929.458063247 -117.999422402 -2421.42387123 -1119.52325604 -5851.7536698 -947.351060515 -3624.62156162 -1054.40367688 112.741355528 2548.73700303 -3080.39245478 -2115.01206026 -4957.9108116 -1069.06110785 -2821.52265374 -3366.89493339 -39.9205714182 -1654.81530509 1705.99532366 163.188306552 -2508.71245684 890.891171948 2993.29726275 1483.15768174 1096.46046334 -932.313610169 -434.894528939 2083.65032546 -3034.68335321 -4264.26050437 -3306.81241953 -236.352510206 -1522.4873214 -632.59972353 -26.0512224653 19.4620047649 1496.61242335 -3979.62848562 209.850031099 -2284.54703253 -645.396676792 -466.016279635 -815.072392386 1048.60234284 -2960.34908512 3009.33958338 654.521988732 -78.3733019307 747.657998826 -1697.98222468 -2223.74977607 -3203.48815142 -4263.89937013 -3317.85747089 -1134.29301358 -6193.0088237 -564.964207326 621.905563558 -420.935809872 -5157.05513367 3618.26913741 -1025.95903813 -2864.87895675 2955.27886999 -1084.54776118 555.0092042 932.560240119 1645.95520068 -5227.42290404 -1092.24558781 1791.97111784 1709.8885375 2199.00707525 3479.05819758 1555.78838332 608.334407647 1715.42699046 3279.52394058 2653.95945257 -366.75118999 2654.1678837 1211.31482632 2809.53317598 1660.49184314 1957.72113333 1759.19062489 519.259136173 3060.13763683 696.160574654 2037.35747767 1064.38586016 2753.041398 1189.38929786 -456.465036882 1414.22550061 763.835209763 2487.72483298 -1337.09497754 1234.1385644 -300.788803394 3193.22095264 304.765910445 261.996168086 
-2514.05805093 -177.678669557 -1790.33600068 -3251.08576849 -1986.3491342 41038.758561 5312.9395035 1165.76894377 -162.063186789 155.861542895 -1183.58093946 -777.133426216 245.215841745 4394.85277978 989.797087705 1592.16516753 1912.09460598 1167.5120631 9473.91907987 600.402732226 410.104954515 930.543244603 -876.831915225 -400.456940272 -2116.74570003 -1713.96434453 2075.70031937 -1478.68629181 -269.337622882 890.136998925 -556.948058787 -2134.71936877 -3192.99850775 463.800950539 -1760.68571201 -537.079413214 -3282.62759695 -3817.67654877 1030.76093565 -579.603522969 639.207471864 -3284.9605742 -303.747537681 380.780402316 -943.864331693 -1323.71034688 -2004.20841428 -1064.22946234 -1386.94646989 -2983.59202657 -1937.88835046 1472.83401951 -2048.84619743 -1.44852190276 -3022.24607381 -978.430559467 -2450.99651122 -257.94862691 -609.635624815 -230.023114881 791.51384169 517.01737719 2928.49740696 200.813849497 36.691712625 -228.821261898 743.777962775 233.351863606 541.476018918 3813.10275211 -1556.44260725 -2449.04658827 17.4067051209 4789.38354366 -2417.81254978 122.487782161 -503.908591056 -2481.33999564 -1522.00189017 -1916.82590993 -1459.07725919 309.915261151 2229.07443526 -416.42718967 -1565.2936065 -621.020820943 1352.059319 -774.531884946 -1251.4336511 -1194.36704176 -711.284828995 -1797.31425184 -1334.8591817 2128.28032721 -722.384973311 -323.843005324 -900.52873972 -527.705905417 -1377.13876486 -1381.50883681 -645.601834885 -147.870466362 475.842955909 -573.700547372 -1606.99861463 -3438.70927477 -3218.94529177 -2472.72169514 799.88890471 524.302157153 -581.353470458 822.114283188 -861.542483845 2043.54491835 -1329.96814404 1917.81552568 24.1856837005 
-906.099049765 -1244.48977088 -190.576521039 -1079.95948752 1707.98385147 5312.9395035 30009.1903134 1213.19728604 -71.1062376633 2134.59432196 436.381343111 545.387776277 -49.3420677611 -313.620678185 1370.19642199 1817.93281877 341.821534824 -554.504016319 -1896.2222618 -477.753803385 -1590.68584824 1233.35397238 403.278156536 2211.60392004 -4435.6129582 -3400.73224198 -2805.19434842 -522.448405255 -1989.43490103 -1753.96605109 181.827617584 -1893.27953159 -949.073156501 -124.135215508 -4640.18111584 450.807568999 -3.17319818659 -937.109201266 1563.86182962 -1706.67936701 645.161253103 -2439.82777738 -3857.4341394 -3672.0084848 -4321.79670117 -294.910466134 -1192.50627906 -2417.35216584 137.885080825 -756.356589798 -1036.34160403 -955.159465636 -1032.93229975 -2027.19690439 -3058.08305226 439.433590273 -3804.6873544 1254.82664265 -3607.43119779 2832.00099886 513.874093499 533.366615357 4718.55044087 -371.648526648 -1088.66963333 -4054.540764 -2612.86811662 -3006.66670916 -361.405871878 -954.611577982 -2916.02688851 -2258.05912617 126.779489424 -440.105464791 1740.75896937 -296.356910612 -2071.11689944 1034.10038054 -1825.9908263 -611.308851077 286.713730868 1898.55101622 -816.01500869 -1790.16296589 876.150979679 849.849787319 4568.73823939 2639.17742481 266.610397856 -810.377844623 -316.389010942 1015.85521055 1480.42491513 -9.69813512217 1590.81066047 483.665960719 1617.15501112 791.365387121 1175.90030319 368.729358436 -441.082316822 1414.91462208 726.072578484 744.554522073 -1532.01266534 -812.797702219 -220.105457822 -1282.9913297 1261.94795969 590.546763568 2262.89118964 4054.16053211 2300.11408027 1299.2111655 1942.23411177 -1623.19600473 -883.832004686 
-1124.13161693 -3265.72714893 -158.368878733 -2350.26482448 -380.494563577 1165.76894377 1213.19728604 19641.8008676 2104.32697994 1286.42519234 2229.76962415 4314.58978848 1667.282845 -551.530583648 4482.48286605 2187.70522982 1973.93770765 1348.09898907 -2195.93032699 -834.156763462 -1331.04200783 562.189258002 -1093.93069079 4757.20494658 -2908.45136576 -1303.87478964 -2157.81096686 -4308.42792154 -1433.1934474 -2628.62981641 218.863719523 -1249.02784212 1459.29130233 807.657213462 -2190.48800225 839.104097329 1030.16858788 306.512249363 3736.28104834 -1453.58167407 -1250.01257531 -140.15047291 -3526.98772399 -1361.52498813 -1406.17342359 1357.37320357 -944.949115641 286.509104513 639.591100389 926.620233798 303.98459307 -494.473804232 1269.53063074 -103.564998992 -1377.0059043 -464.991338964 -1443.91899065 819.206055465 -1816.57589405 7483.99364213 -250.573106455 -2535.8248274 -2823.60258183 -1830.72636206 -1756.01988236 -3757.52848394 -3338.89669185 -964.997090164 -3467.66798449 -2926.86608576 -1267.03076217 -1666.42964569 -1347.23779181 -1100.81966906 -363.319739681 -1315.76507441 -1971.96058963 2130.91118086 685.951262211 -790.527820036 2112.57737883 1941.59104079 -2295.09371063 416.121137402 833.977343959 5002.70963382 6040.21286112 1332.53429928 -338.055008152 -112.496025008 -95.5232819263 734.363256462 -163.940696943 -2562.7683139 77.8553116571 341.237274781 613.08826731 244.198392986 -1222.08873722 -954.100889758 -2066.67330648 1601.76568028 1841.52559062 2498.3327858 -3158.47988029 -1562.50362529 -1434.32333022 -1784.49817815 1401.61374294 -1659.71547949 2308.35303903 410.619073021 3041.0801739 700.914158647 -1903.53288272 -3150.90979792 -1541.10922713 
1155.85668583 -4533.70472476 871.462437178 766.904325173 898.600336752 -162.063186789 -71.1062376633 2104.32697994 17089.5722177 4430.03248656 5386.93371998 6864.63377406 2133.11038402 493.041980687 593.751082488 1210.04008079 -2154.80437203 2629.31146625 -1900.02104054 806.291720875 -5509.88087439 -343.085379573 -171.706376717 4520.75404972 -448.861803345 -409.5761603 -3938.06346468 -2626.1585991 -1223.927821 -1945.07376301 1709.9240215 -320.200472139 614.387781471 307.791636112 -1472.94253183 -728.144419256 655.596617909 -940.782690563 4231.76790708 -1278.71413737 -721.517147426 2018.77709602 -2347.07156098 -1544.41333949 -361.181135237 1212.95583121 -1732.66842085 36.6113166619 -614.43300616 557.566892058 -15.9998007436 -3718.59402049 -31.6009733197 -1302.60244269 -342.771353334 -1189.70297845 679.268405091 518.060991869 -2120.48742532 5947.51706308 -562.717123286 -1758.7190147 -3414.91657246 -3673.70429716 -2054.97453459 -1998.10049443 -4111.26123898 -1015.17810395 -3250.59370752 -4972.03198739 305.655938495 -1170.18001255 -277.070044346 -4272.65061212 667.61715067 -1178.63525496 -1600.08311494 1171.53118139 -796.655250577 462.490709502 296.115503398 3336.26746703 -6509.43813465 137.368951773 118.930950023 2540.27711335 2406.30760587 3865.21882772 -59.7533391719 -475.963515924 1099.72516757 -293.205353631 -30.4008024185 -799.519749671 525.393649936 365.13286996 131.005250563 423.438102563 -2049.55423607 -112.223884034 -149.267892444 4629.13743274 3108.12427194 3214.02568594 57.2939637784 742.657083019 -903.349100368 -1454.82199866 2214.52976021 421.255716701 -1920.04256307 -4599.78494771 -825.245581237 -1370.28802429 452.456443737 389.26062227 356.126608652 
1218.28128036 -4771.64728896 564.85629347 1753.71490251 3574.25310931 155.861542895 2134.59432196 1286.42519234 4430.03248656 16480.712535 6311.25330948 6616.69005536 2739.50099431 15.2116649636 97.2270652833 3245.24142381 -2172.0748235 1498.98039701 -4801.94387014 -136.913420855 -5835.0838474 -731.634922853 566.943891969 5337.76075697 -3019.19109415 -1986.7317572 -6267.18173046 -2633.80731412 -3757.38432869 -4392.05188095 1291.17326559 -1885.28434853 1305.49041209 422.625287868 -1903.7601014 -321.846343591 1557.38935396 -283.848226714 5067.01588534 -1896.88203887 159.062316037 1955.91348669 -4357.68143218 -4743.50845748 -1987.05403324 71.5119204959 -3510.56584407 -795.508264172 -470.998267938 72.3432977987 582.513383386 -6349.58776375 -1457.18676481 -3213.49522717 -1747.14942252 -1964.68695652 218.056209792 76.6282868307 -4557.71402691 5666.92444771 748.715166526 -321.566397652 1827.59313426 -5102.33378412 -4285.2815952 -4169.37748532 -5134.00089407 -3412.71083351 -2757.67381072 -7873.69540399 -143.352641628 1120.43674108 -780.551246534 -7236.65920918 3769.63306146 -2055.13839323 -4592.15554714 3172.21860346 -3243.72142426 -431.280790883 1604.63818671 3903.77404349 -8436.66920212 -2309.10088973 2763.59604894 3171.98587577 4685.77488394 6522.11374941 752.341448031 -535.314261665 2353.89309738 1443.78440294 391.17270357 1377.20799649 2015.54391173 1108.43976957 1653.12977934 1170.98814916 467.782760571 1569.1260505 766.463848415 5190.41731082 2643.7733107 3098.65313695 575.129759198 1746.14980034 -36.315110508 -1839.82552723 2951.61816784 899.673544595 641.433325259 -2931.90160776 -27.4321847122 -381.965733649 4175.02940187 1986.36690352 1247.64209292 
2894.45900517 -2852.86169931 1624.96017573 2034.63688706 2501.65271275 -1183.58093946 436.381343111 2229.76962415 5386.93371998 6311.25330948 19715.228334 7578.55695034 3215.68210344 -1039.75407896 -433.443720189 1018.09186088 -4102.40325071 1376.02173163 -2594.18010242 1712.84591595 -7411.46551845 -729.055756348 966.974561938 5940.40775106 -1768.86309165 -1315.38186687 -6344.55139523 -3248.77687274 -3176.56766294 -3447.81036353 1623.7604952 -2054.03992401 1225.16540442 805.884436373 -2591.1483668 -720.76162935 1703.73127607 -179.548895625 4744.30230021 -2050.90951054 -1857.55074003 2567.04359141 -4750.7738108 -3915.03475579 -1906.09106614 721.256449967 -3361.2811216 -761.4454792 61.4610161888 861.836702518 1631.10491659 -6275.45995098 -464.936627387 -2200.17728375 -1346.82805975 -1925.4113632 3110.38260512 149.486056025 -3239.87621148 7199.53418674 -481.440032511 -1925.58864244 -1057.02269575 -5016.97268982 -3468.91595159 -4820.15661153 -7202.92406752 -2155.3673552 -2497.38873207 -8500.53482082 1553.24889839 496.199716615 -357.709149222 -7674.69529643 3603.35867747 -2247.98952537 -4131.25305156 2553.77865801 -1570.16954896 645.734225091 1097.15422654 5122.72583464 -10020.3344498 -815.226452053 1505.35429371 4089.49623532 3426.08476875 7595.96026899 1420.15475056 -448.323214653 1734.35569119 1480.2623358 -44.3559522224 -1927.80798067 1482.53867145 153.101214395 1526.03526927 1583.32299505 -1715.25213888 648.092104036 10.3226727116 6484.05802366 4362.07214572 3363.61440294 129.844579466 2045.61981845 -1046.93880254 -2081.70178888 2584.09935851 1835.05381064 -1733.03980509 -5071.38348814 -296.106456805 -793.136015513 3824.83791456 512.434388103 133.985627725 
1184.05121388 -8976.85958472 3417.18893157 687.711229195 2607.9774414 -777.133426216 545.387776277 4314.58978848 6864.63377406 6616.69005536 7578.55695034 21171.9284973 2223.51296287 -3330.63840252 447.835200201 1850.34108898 -4106.52008559 2534.82435552 -8284.40815181 -1853.02572609 -8643.12508647 1027.51243053 -133.607790363 7579.36198674 -2363.31432815 -410.447387776 -8830.63298632 -5802.05940489 -3282.47811979 -5674.6523363 2974.69242843 -1313.07084632 3421.45521656 1808.11288743 -3362.46732077 957.884857563 2957.10006393 -547.463578712 5837.58798508 -1236.30953028 -434.433351229 2725.00438416 -5097.24427867 -2887.60141016 -1413.87819644 2834.93216464 -3251.37155209 918.82986643 212.98404356 2127.57334533 1128.2957517 -6913.7439814 1021.5360752 -2411.774678 -275.66989454 -1039.24645129 830.472443621 1573.33792894 -4031.96859934 10592.7292048 719.986950549 -2430.53756671 -3768.31487928 -5953.52817004 -3414.20345212 -5115.78133744 -7555.41194967 -2656.26738102 -5380.86177332 -9926.30516522 672.771357464 -163.404449359 -910.329274944 -7573.75598121 2579.72543581 -1652.10891825 -3648.38394984 3724.77538731 -975.344897861 1060.28807315 2416.57326826 4083.89296118 -10962.0296552 901.175312346 1887.19763853 5603.07371403 5973.74139932 5853.60524696 1683.72944003 58.5159476277 2921.80862408 1601.95257792 954.142584426 -932.944917518 2176.26431691 1773.38940626 1985.76125833 1280.71646689 -1166.47884089 806.919618582 -1108.250329 5853.58021654 3510.28410392 4747.93066467 -1717.67642904 637.437102594 -433.090855798 -2258.54946259 3182.93216978 -1611.01972284 343.611641136 -6252.82641372 1450.98130355 72.6839951554 1296.18026145 -78.6284313738 -59.0789143325 
456.070481244 -528.814274565 -197.735109362 -134.496472382 -362.894718753 245.215841745 -49.3420677611 1667.282845 2133.11038402 2739.50099431 3215.68210344 2223.51296287 17049.8116229 2248.19039721 2451.88224595 2636.15678799 1192.98601766 2150.170799 2014.63869952 1606.21952742 -1303.58806505 -1008.17153963 945.921481587 2588.50610308 -329.894251841 -591.570991509 -344.500078718 -1774.23210246 -1739.04635286 -1001.54370751 -86.9426185084 -682.895705493 165.590121828 109.813719877 1430.31680397 -1653.88932062 -584.437258681 -627.191564292 2547.94601277 -1397.44605983 -129.826851157 696.349327565 -2009.52136105 -1988.55236309 -88.1652446214 -417.98587144 -1857.78061097 -928.502938692 255.51327995 -252.980939762 1022.50125791 -2025.70750119 -1689.24671829 -1003.40470328 -1295.94566506 -1736.65494115 639.074900061 -1341.36452724 -1510.88511488 2653.38251097 55.0098839353 512.4474892 1054.96262927 -2884.7850739 -2487.39755623 -2242.39768293 -2907.71619858 -1001.54280878 -2269.29281129 -3136.65126495 -274.42996014 692.580663567 -1243.13422912 -3160.35334432 1343.21996788 -1852.81477323 -2289.80004472 1109.41686069 -1959.47749996 -1023.26635098 850.820914817 1869.24838705 -3005.28058181 -1887.44292459 1752.19422908 2384.75657375 1823.66004533 3300.95164118 -377.075859044 -1461.44534549 -231.080005322 -210.624230674 -1377.52690258 -284.325179856 -535.064320059 -690.825310236 -280.749286021 -297.116197587 -1128.23324835 -755.022088374 -751.793883059 1985.94963747 1819.1798506 1061.8351113 -1151.63689237 -530.944726387 -1202.40164489 -1236.6675901 1253.51111024 -100.490932372 -123.748861108 -834.064401169 -136.142200787 -362.154498395 1443.14291643 -486.241981959 -551.91766823 
-1584.93745338 6044.29756081 -3653.20978286 -1516.55694411 -3665.44257469 4394.85277978 -313.620678185 -551.530583648 493.041980687 15.2116649636 -1039.75407896 -3330.63840252 2248.19039721 33391.1952303 969.512048119 1496.63235996 3799.504222 2880.62217235 10455.4176922 3942.81032329 4403.33687329 -1270.70006441 -67.6234504955 -2799.03113705 1677.02955636 -1089.31940444 7917.28649789 1577.79021442 710.412066302 3590.01479793 -1159.58776942 140.444525634 -4621.52916228 -820.535672719 4501.96487789 -3486.24072412 -5236.44818879 -2999.15065888 264.516015224 -864.811627133 10.3126037209 -1991.4529045 1807.57519354 1086.28843077 1618.14755151 -2413.56463486 -701.368776413 -1476.92089383 -1623.7880665 -3163.82936546 -1501.16596618 4368.89522123 -3345.18173078 2417.83477516 -1518.87309304 -2712.49999458 -591.966729488 -2818.3816103 2067.72868732 -4983.87134895 -1413.73168423 103.816560395 1265.11939521 -381.179987358 -438.410560055 3097.36094168 3008.1812908 2494.28795565 1892.01907869 7000.2318898 -240.506602279 -1403.49327591 -14.0626126609 2442.0662088 -3500.00769445 -395.043368712 821.373744254 -4399.59861351 -2520.74036325 -2776.0346468 -2877.28202203 450.819135112 5576.40384558 -2428.33340621 -1915.41860124 -2729.67001229 -2651.8744935 -1303.39971548 -1961.88044617 -1617.14764736 -1800.75681348 -4843.7728349 -4008.30544398 3387.22904769 -2628.28430908 -2066.63327079 -3556.62534886 -1752.89768675 -3524.7995623 -2370.92695049 880.419274441 -505.154870133 982.746587605 -541.574738717 1958.94361551 -1471.66834189 -3028.40638145 -1616.33993519 76.6458173691 3389.58466568 -4825.68399377 -1882.20342326 -5350.8516881 -1790.68919027 8.95454391728 2566.44059425 1753.41466759 
-1215.37430897 325.446112898 -992.239148442 -1886.60710374 -929.458063247 989.797087705 1370.19642199 4482.48286605 593.751082488 97.2270652833 -433.443720189 447.835200201 2451.88224595 969.512048119 19749.7612022 2516.05835905 4236.00151642 675.218818457 1190.54685032 506.36428306 1953.59534854 -978.372371487 -911.296612098 2431.80926658 -2033.90876279 -744.993923531 793.05897628 -1328.23991086 -458.877624906 -442.548866572 -1385.75252343 -563.429393526 562.891688822 -685.496913474 -48.4042822226 -578.765434071 448.51035165 643.201852714 1823.33069256 -1934.53899622 -1116.6121988 -72.7860817343 -2343.54236191 -1473.21962762 -990.660416514 139.13043757 277.580237891 -1446.30401883 474.921303535 308.876040907 2.28296828449 1519.71894663 -85.6158432735 -737.134412481 -706.00993642 45.9872211012 -1999.41123685 -240.066581486 -1101.64482506 3942.84927195 -246.084391628 -1091.82213636 -878.091300584 -365.066454658 -879.059516451 -2614.26693313 -757.030041992 -923.889298366 -2265.25294933 -337.780399259 -2429.11757564 -1648.14556527 -1837.8313823 593.565838084 -504.175279355 -882.419614834 -1127.42420865 1333.54574891 480.112256758 -914.164695482 899.184193225 705.525282365 1297.2912111 -629.4191537 617.723489197 3097.92657915 4361.47450925 -18.021444353 -1742.07182159 -1133.05429812 -2075.6838679 580.515889778 171.125125109 -3040.40176857 -1060.24948842 -549.962536852 -88.4109041812 -741.700455691 -778.262897889 -1721.71591523 -2162.51162712 21.6957048606 266.723736012 1031.01221627 -2841.25127187 -734.926131552 -1309.04326575 -999.423549506 273.270004054 -1733.81044869 3511.43989832 3975.98603069 2883.40946011 -568.63118891 -1988.54081956 -3940.59021459 -2647.2914543 
-1013.90483944 -3208.03916179 -412.790401187 -1291.00175469 -117.999422402 1592.16516753 1817.93281877 2187.70522982 1210.04008079 3245.24142381 1018.09186088 1850.34108898 2636.15678799 1496.63235996 2516.05835905 16004.1802251 1979.66171335 2443.72750765 -1998.81725099 -619.427646732 -1164.39818419 389.453918437 -97.1986393958 2392.44443941 -1739.19781834 -1251.11838288 -1833.90768702 -1674.14051818 -1232.00332664 -2455.37152876 256.321527353 -493.839245125 972.779748801 700.81187535 231.575201118 -407.415976764 -412.29984913 -570.054768184 3807.16774459 -547.680529576 1608.93224415 -911.893650939 -2621.93566523 -2784.67931141 -709.89919148 92.5375031369 -1554.30144339 -184.218920043 -362.447804919 -432.58610774 -952.17323874 -3063.67211806 -953.850305055 -1849.6261216 -1980.35262244 -1347.17693916 -1313.29147648 -574.429269422 -2847.52174202 3309.42756732 1010.9407857 963.839215896 2731.50791277 -2574.07959408 -3310.68910952 -1815.30782516 -649.351095551 -2699.31986855 -2326.22624421 -3649.77390478 -1542.85174514 708.851938053 -1462.33723611 -2752.43745409 515.008889389 -1430.92928389 -2349.14881173 1940.69253403 -2418.23973706 -2735.83706825 1795.27399849 499.055025054 -1980.94101343 -2322.10503591 2171.14975078 1972.11978424 4265.45064759 1752.61197612 -574.588566663 -669.409144749 955.038533381 -310.8178726 -1155.95535164 2511.43136803 395.234220264 1036.38707606 -118.869499689 -589.139055534 659.499738744 271.617753523 153.125563235 858.582175106 769.055520626 827.267993226 -1323.13053689 -1315.89445449 -463.954982588 -1091.65268702 854.671906352 -593.630226775 2184.08429061 1684.96123522 1533.51056909 1109.2842928 899.802021808 443.036875394 -21.1985493568 
-1879.2472616 3271.19889463 -1856.9127074 -2919.62858133 -2421.42387123 1912.09460598 341.821534824 1973.93770765 -2154.80437203 -2172.0748235 -4102.40325071 -4106.52008559 1192.98601766 3799.504222 4236.00151642 1979.66171335 26787.7192343 24.8211851822 5566.19799132 1998.77625714 7135.30401047 -1755.8573025 -970.103115523 -1697.37464961 -220.184221538 630.958501859 5261.33979423 1851.080731 1733.22581627 3852.19208532 -3237.71450262 -194.74877835 -1382.00476811 -764.368352619 1851.98333375 -1606.30895347 -2083.03527457 81.272846082 -1617.03140703 -1079.73582828 -1806.85550805 -2309.56802397 1624.37167307 1249.46434885 615.09478304 -2247.75890498 966.687235037 -1160.72349007 -718.006737658 -2088.63432361 -1837.17974849 4395.64427984 -2169.27737607 977.245083799 -41.675426147 -154.743606962 -2270.07821946 -2042.56194928 879.770625283 -3096.77389597 -1836.48432494 -1381.69650583 -197.021397622 2116.51935482 375.43452887 1818.71520262 3906.98296926 1095.01823526 826.511877777 4687.0966345 -2053.85996406 625.472089562 -879.993427762 4598.55790548 -2637.7751841 -442.8158481 419.329965452 -2060.84029112 -769.249470889 -2240.24218911 -1436.70286294 -1552.97377923 7009.18548912 -1049.94861304 -1585.30096473 -79.1406145983 1261.34802178 -2708.40936407 -2574.46724791 -2112.04146737 -3633.82004111 -1935.68159585 -1442.51736261 -1496.49174297 -1961.81415819 -2229.26666059 -2486.19481041 -2495.02835571 -421.256397289 -2878.83476147 -857.032982898 -2952.36099902 -1222.48995367 -737.058416816 -1497.35826701 -1803.87019684 -1063.17111819 398.865325195 -705.680041885 383.92972603 3553.74153768 5771.71932548 -202.801747429 -502.6889332 -1700.44685691 -1391.08197792 -1657.55283351 
-565.268962607 -2472.28465327 20.4059855494 -902.698089791 -1119.52325604 1167.5120631 -554.504016319 1348.09898907 2629.31146625 1498.98039701 1376.02173163 2534.82435552 2150.170799 2880.62217235 675.218818457 2443.72750765 24.8211851822 20650.6742742 1418.33269044 1368.70319911 -1477.03191314 477.242312092 482.221042305 1441.46626107 151.947928681 -470.633198456 -39.726644314 -2054.1398018 -343.153267287 -943.288003759 1485.68093598 447.107574591 -239.571997162 1082.51998203 1073.28149717 -1260.76360987 -1235.37425926 -1297.80203516 3082.23562655 -452.924991999 457.490035131 -63.8195814613 -920.524922535 -313.202089466 772.325450792 411.285132775 -1516.46734452 173.363944819 -250.284685452 105.329304347 -396.69398443 -1065.32803714 -361.066277887 177.91648866 -820.349752071 -1567.92264128 -626.145705249 -789.751831695 -848.566970351 1860.25526689 -581.936295164 -472.600950842 -1351.87612043 -2532.76205003 -1647.09790194 -197.519189172 -1090.21827638 -229.206154218 -2077.45067055 -998.834867216 -63.1525359632 -407.338168009 -911.248043661 -1504.50932242 -1338.9073835 -1067.89727823 67.3834788594 -187.977511168 -1387.41728471 -1723.93126224 -32.3711736477 802.774553966 -1961.53098071 -953.052979397 -380.144539138 966.568729982 888.481922686 520.622583582 -230.159273747 -531.719703343 1010.44100521 -2148.38338122 -1759.85157574 1720.97499706 -666.55529504 362.812654126 -1670.48222112 -1193.81519344 -1841.59951925 -295.181302171 -55.8519476176 1353.40754448 1908.82846365 838.647455047 -382.02900005 -1441.4787582 -1076.64120831 -1451.83223106 1235.61612001 143.969723275 -1986.56662375 -2794.70613763 -1796.81233818 0.0167790247155 -208.904266409 1207.48865869 703.235520703 
-1411.05308182 12456.3672573 -4420.72158523 -1746.8471738 -5851.7536698 9473.91907987 -1896.2222618 -2195.93032699 -1900.02104054 -4801.94387014 -2594.18010242 -8284.40815181 2014.63869952 10455.4176922 1190.54685032 -1998.81725099 5566.19799132 1418.33269044 60792.4672161 8343.02563817 7290.55269671 -3671.61531673 -821.44411515 -5342.53600536 3640.26698781 1120.92161289 12090.4771609 4313.59505251 3313.81426989 10105.2759571 -4429.02965971 -185.213948131 -7759.73997437 -2640.27947526 4369.79674154 -5448.60518277 -7030.8435471 -3436.90232452 -2698.83211127 -1335.22818197 -3014.22809491 -3244.59514961 5989.68638481 5297.35736789 3040.56782361 -4886.23724617 670.443920816 -1773.57027586 -3131.65043895 -4801.05870157 -1882.39842498 7201.01166094 -4770.12189764 3087.32528333 -461.425257741 -2123.54372039 1245.08269182 -5190.75517029 3731.72971464 -10049.2035635 -3785.27170584 -431.456736924 -191.369600203 3902.92885962 2784.81152439 4836.19911823 5664.69330876 5118.63478621 4446.74176705 12673.2912788 -95.6865821795 -2527.50272805 -78.4484260028 12000.1519033 -5553.18084468 540.385710071 3311.37829053 -8443.97778539 -1336.82437286 -1800.7784068 -6315.87670587 -147.46548483 10334.1088112 -824.09655482 -5382.97169556 -4632.86469833 -7052.25385418 -2482.83022985 -4456.03508313 -2867.3070807 -5838.25749755 -6148.96598701 -4405.71864984 -1031.85756928 -6242.7215019 -5270.50278892 -5549.60484906 -3795.6454238 -4679.8889959 -4390.02143247 -383.121810592 -2553.62248798 1057.09911755 -2580.4514868 1455.03303837 -2118.4600387 -5656.49061682 -1090.45143889 -1156.43023803 5201.97554936 -4752.22086352 1711.51747653 -6993.96419859 -2061.42214778 -2583.58038437 2245.95907843 -583.171607572 
1406.00158218 5230.28923268 -1191.25712509 969.126040358 -947.351060515 600.402732226 -477.753803385 -834.156763462 806.291720875 -136.913420855 1712.84591595 -1853.02572609 1606.21952742 3942.81032329 506.36428306 -619.427646732 1998.77625714 1368.70319911 8343.02563817 23892.3218128 912.699798959 -2214.81712546 639.177425614 -135.933051156 789.455637717 -798.956990332 2831.86711697 1939.33053223 375.654555968 3221.52772655 -1374.78869329 -410.538024301 -2305.47051662 -1122.99248521 907.842697906 -2888.70443376 -2272.84450928 -888.152757624 -849.007933681 -1486.06848501 -2429.61290827 -129.75356458 1303.40774502 200.069981717 288.571936608 -1769.88738751 -459.533637446 -1699.56291386 -722.487344009 -1608.03793883 -105.154902938 1086.60781287 -2374.92764712 894.933023959 -26.064628648 -1311.99243462 765.291771192 -2145.45415838 615.03040836 -2193.81350003 -2456.38148572 -1638.64180877 -966.348809761 6.76152095519 -82.7600247124 662.126348598 -72.1575608662 1111.04216659 1054.85243614 1764.47739619 49.9251793673 194.784563687 -12.8285993142 473.707584732 -921.452658738 -1044.60808216 31.4750613006 -2269.27592774 -1202.99123033 -181.21738369 -2858.59616708 2059.9561808 881.698740212 -1069.98677841 -1825.03051424 -976.864982762 -1671.55182073 1845.19481802 -1359.74026633 -1707.27542957 -1914.31482972 -2485.98589269 -1903.31103075 -1824.8899149 -1386.78186212 -2806.94524669 -2286.87360771 -1451.24419395 -3018.00651682 -1779.71013422 237.459925158 1592.33897531 1931.54917183 1175.35258802 901.772803144 835.137352536 -900.927725575 -570.574774964 1157.84012276 3737.82252699 -2417.51068131 -543.59698476 -3419.45491196 -1573.74172594 1472.59555463 426.182639326 -372.675840149 
-2477.1877454 7854.53078222 -2560.85772539 -2287.76186888 -3624.62156162 410.104954515 -1590.68584824 -1331.04200783 -5509.88087439 -5835.0838474 -7411.46551845 -8643.12508647 -1303.58806505 4403.33687329 1953.59534854 -1164.39818419 7135.30401047 -1477.03191314 7290.55269671 912.699798959 33266.9074602 -583.387183865 566.514401336 -6336.57641603 1183.79266898 525.273258917 10055.7267427 3542.10452571 2592.11965274 5410.3317215 -3531.46206457 1393.6297845 -2726.09234006 -1028.3971999 4083.9395922 -1078.03891846 -3134.50588575 19.5206033113 -5511.06229318 485.458142411 -759.962510927 -3173.14577469 3969.88689717 2287.59960366 966.568546749 -2795.33546562 2580.06912014 -1442.10012071 -359.877607836 -2396.23582623 -1606.55347353 8644.6627301 -1643.66147908 3194.90596161 457.175136801 311.060714889 -2390.53770423 -2702.79515713 5062.77519976 -8627.08125911 -1675.58909907 195.144641466 1459.3844276 4522.37622584 2433.46279452 3835.27134273 6438.81706436 3629.74100639 3558.80038249 10463.1922429 -899.036084249 1203.85396133 -796.067936405 6759.91950962 -3902.872998 992.506288921 2376.27483723 -3931.39726745 389.840001926 -1931.7561105 -2452.5693626 -4124.01545317 11604.8247458 -915.467853723 -2280.14503276 -3042.54567186 -3437.31580422 -6284.11034376 -2501.80475063 -1317.87170072 -4081.95866858 -2704.71753517 -1608.51264042 448.159427627 -3153.94218751 -2303.81885826 -3027.2034948 -2781.6991611 120.198692996 -2419.292987 -151.311970135 -6169.47984786 -4094.00515322 -4391.26741168 -335.83394711 -2096.90970414 -1140.80151656 824.991466267 -3329.95337272 -525.77973916 1373.46625274 5044.26260271 -1752.56341618 -1293.57416233 -2625.96373406 -672.334679219 -1037.60509194 
-617.072080294 -2837.24696769 1413.2872297 -1785.66944284 -1054.40367688 930.543244603 1233.35397238 562.189258002 -343.085379573 -731.634922853 -729.055756348 1027.51243053 -1008.17153963 -1270.70006441 -978.372371487 389.453918437 -1755.8573025 477.242312092 -3671.61531673 -2214.81712546 -583.387183865 20469.833536 1603.27146661 -74.6470386509 -1070.64992168 -1134.96859726 -1915.38345937 -2232.1965531 -899.519576398 -2366.40001613 2787.92172363 732.927476339 1176.20279173 995.97941699 -1835.35357754 1309.43983694 -455.726747067 -1192.62860101 606.616458994 720.089084472 1418.01699676 -1969.88620234 -1424.59596719 -237.876560075 -630.629952516 2050.23138075 -37.6311230253 583.914882478 1657.1613569 1192.52301009 -409.325913362 -154.066621204 1270.64708381 23.3550638922 -849.713562829 426.557500333 -1218.22764294 1691.69730135 -456.569499528 1732.25062573 610.930528348 -39.7651433617 501.202919044 -744.679553056 574.433845573 -814.023905198 -704.678385104 -1241.085086 -596.11058791 -697.661051482 -714.737944838 -957.962186694 361.691978612 -849.994753315 -559.53265425 214.425172971 -221.677871254 394.166293617 289.974841986 -491.988806872 792.402116846 -821.395121257 -1616.51136738 494.999857219 231.773129204 -240.439226461 1128.77146839 -952.782805384 1445.66857521 96.257883131 1285.82967029 -119.571298142 326.978309554 1193.16286489 852.786833321 1380.94280292 317.801014877 266.393377002 -321.012014385 261.183261374 -387.107142711 -736.200454686 -269.901589402 -566.307638691 -1610.78011036 -2286.28206678 627.061494031 -513.246992255 -747.636793262 -1838.57468637 -1652.30867293 -740.048424873 1476.11078532 1872.67236275 -759.535801433 -567.228517267 48.0153411139 
666.786809278 50.6248216127 555.206909665 621.914851596 112.741355528 -876.831915225 403.278156536 -1093.93069079 -171.706376717 566.943891969 966.974561938 -133.607790363 945.921481587 -67.6234504955 -911.296612098 -97.1986393958 -970.103115523 482.221042305 -821.44411515 639.177425614 566.514401336 1603.27146661 15967.0503506 371.483541618 -465.460327393 -1121.68465102 -1117.43787042 -335.871138396 -1250.97117442 -509.725008062 1056.08399045 943.421212555 615.814720327 -248.090957167 -425.390029562 -649.181506855 -232.059768907 -534.769410649 70.9851583865 -550.486934642 244.189448798 42.4799895269 -947.062254644 -1618.64464128 -664.640597738 539.34381619 -154.780336271 -855.744627575 1573.91024934 690.032808947 166.823964696 -392.621589482 -653.23187601 -622.585891156 -617.640732189 -120.006763065 -183.108059261 -487.776395439 -967.655256739 -47.8256047113 55.957712819 367.734994004 1739.30034415 -988.512995774 -470.274415385 -1264.78490134 -1751.62071805 -1516.88655644 -195.182184354 -1086.54588432 -447.142335751 256.978329901 -129.421297536 -2611.10687991 1334.28408403 -550.569585367 -929.321004029 479.434355677 -1030.17109656 -211.039146744 -264.343612234 328.958344137 -1260.51865985 -1325.75559696 466.814540171 -111.844456597 61.617842147 1305.00939016 1109.38097836 -353.633058943 386.742363084 190.242138589 -163.432935318 322.492210292 563.272869626 285.060986544 281.863989713 105.357833713 -241.356006304 200.767556602 36.9214162256 609.868540951 -107.755510156 -408.680528541 -50.3631781949 104.649030792 350.374072193 -234.185167173 -489.814475546 -216.687220409 -2135.77635589 -573.548942095 -483.331765456 -490.459154785 1886.86099869 -102.692720776 -178.185724006 
